Time(s),Ifc(A),PH2(atm),Vfc(v)
0,0,5,Inf
0.1,0,4.966666667,Inf
0.2,0,4.933333333,Inf
0.3,0,4.9,Inf
0.4,0,4.866666667,Inf
0.5,0,4.833333333,Inf
0.6,0,4.8,Inf
0.7,0,4.766666667,Inf
0.8,0,4.733333333,Inf
0.9,0,4.7,Inf
1,0,4.666666667,Inf
1.1,0,4.633333333,Inf
1.2,0,4.6,Inf
1.3,0,4.566666667,Inf
1.4,0,4.533333333,Inf
1.5,0,4.5,Inf
1.6,0,4.466666667,Inf
1.7,0,4.433333333,Inf
1.8,0,4.4,Inf
1.9,0,4.366666667,Inf
2,0,4.333333333,Inf
2.1,0,4.3,Inf
2.2,0,4.266666667,Inf
2.3,0,4.233333333,Inf
2.4,0,4.2,Inf
2.5,0,4.166666667,Inf
2.6,0,4.133333333,Inf
2.7,0,4.1,Inf
2.8,0,4.066666667,Inf
2.9,0,4.033333333,Inf
3,0,4,Inf
3.1,0,3.966666667,Inf
3.2,0,3.933333333,Inf
3.3,0,3.9,Inf
3.4,0,3.866666667,Inf
3.5,0,3.833333333,Inf
3.6,0,3.8,Inf
3.7,0,3.766666667,Inf
3.8,0,3.733333333,Inf
3.9,0,3.7,Inf
4,0,3.666666667,Inf
4.1,0,3.633333333,Inf
4.2,0,3.6,Inf
4.3,0,3.566666667,Inf
4.4,0,3.533333333,Inf
4.5,0,3.5,Inf
4.6,0,3.466666667,Inf
4.7,0,3.433333333,Inf
4.8,0,3.4,Inf
4.9,0,3.366666667,Inf
5,0,3.333333333,Inf
5.1,0,3.3,Inf
5.2,0,3.266666667,Inf
5.3,0,3.233333333,Inf
5.4,0,3.2,Inf
5.5,0,3.166666667,Inf
5.6,0,3.133333333,Inf
5.7,0,3.1,Inf
5.8,0,3.066666667,Inf
5.9,0,3.033333333,Inf
6,0,3,Inf
6.1,0,2.966666667,Inf
6.2,0,2.933333333,Inf
6.3,0,2.9,Inf
6.4,0,2.866666667,Inf
6.5,0,2.833333333,Inf
6.6,0,2.8,Inf
6.7,0,2.766666667,Inf
6.8,0,2.733333333,Inf
6.9,0,2.7,Inf
7,0,2.666666667,Inf
7.1,0,2.633333333,Inf
7.2,0,2.6,Inf
7.3,0,2.566666667,Inf
7.4,0,2.533333333,Inf
7.5,0,2.5,Inf
7.6,0,2.466666667,Inf
7.7,0,2.433333333,Inf
7.8,0,2.4,Inf
7.9,0,2.366666667,Inf
8,0,2.333333333,Inf
8.1,0,2.3,Inf
8.2,0,2.266666667,Inf
8.3,0,2.233333333,Inf
8.4,0,2.2,Inf
8.5,0,2.166666667,Inf
8.6,0,2.133333333,Inf
8.7,0,2.1,Inf
8.8,0,2.066666667,Inf
8.9,0,2.033333333,Inf
9,0,2,Inf
9.1,0,1.966666667,Inf
9.2,0,1.933333333,Inf
9.3,0,1.9,Inf
9.4,0,1.866666667,Inf
9.5,0,1.833333333,Inf
9.6,0,1.8,Inf
9.7,0,1.766666667,Inf
9.8,0,1.733333333,Inf
9.9,0,1.7,Inf
10,0,1.666666667,Inf
10.1,0,1.633333333,Inf
10.2,0,1.6,Inf
10.3,0,1.566666667,Inf
10.4,0,1.533333333,Inf
10.5,0,1.5,Inf
10.6,0,1.466666667,Inf
10.7,0,1.433333333,Inf
10.8,0,1.4,Inf
10.9,0,1.366666667,Inf
11,0,1.333333333,Inf
11.1,0,1.3,Inf
11.2,0,1.266666667,Inf
11.3,0,1.233333333,Inf
11.4,0,1.2,Inf
11.5,0,1.166666667,Inf
11.6,0,1.133333333,Inf
11.7,0,1.1,Inf
11.8,0,1.066666667,Inf
11.9,0,1.033333333,Inf
12,0,1,Inf
12.1,0,0.966666667,Inf
12.2,0,0.933333333,Inf
12.3,0,0.9,Inf
12.4,0,0.866666667,Inf
12.5,0,0.833333333,Inf
12.6,0,0.8,Inf
12.7,0,0.766666667,Inf
12.8,0,0.733333333,Inf
12.9,0,0.7,Inf
13,0,0.666666667,Inf
13.1,0,0.633333333,Inf
13.2,0,0.6,Inf
13.3,0,0.566666667,Inf
13.4,0,0.533333333,Inf
13.5,0,0.5,Inf
13.6,0,0.466666667,Inf
13.7,0,0.433333333,Inf
13.8,0,0.4,Inf
13.9,0,0.366666667,Inf
14,0,0.333333333,Inf
14.1,0,0.3,Inf
14.2,0,0.266666667,Inf
14.3,0,0.233333333,Inf
14.4,0,0.2,Inf
14.5,0,0.166666667,Inf
14.6,0,0.133333333,Inf
14.7,0,0.1,Inf
14.8,0,0.066666667,Inf
14.9,0,0.033333333,Inf
15,5,5,0.794895053
15.1,5,4.966666667,0.794796167
15.2,5,4.933333333,0.794696616
15.3,5,4.9,0.79459639
15.4,5,4.866666667,0.79449548
15.5,5,4.833333333,0.794393876
15.6,5,4.8,0.794291569
15.7,5,4.766666667,0.794188549
15.8,5,4.733333333,0.794084806
15.9,5,4.7,0.79398033
16,5,4.666666667,0.79387511
16.1,5,4.633333333,0.793769136
16.2,5,4.6,0.793662397
16.3,5,4.566666667,0.793554882
16.4,5,4.533333333,0.793446579
16.5,5,4.5,0.793337476
16.6,5,4.466666667,0.793227563
16.7,5,4.433333333,0.793116826
16.8,5,4.4,0.793005253
16.9,5,4.366666667,0.792892832
17,5,4.333333333,0.79277955
17.1,5,4.3,0.792665393
17.2,5,4.266666667,0.792550347
17.3,5,4.233333333,0.792434399
17.4,5,4.2,0.792317534
17.5,5,4.166666667,0.792199738
17.6,5,4.133333333,0.792080996
17.7,5,4.1,0.791961293
17.8,5,4.066666667,0.791840612
17.9,5,4.033333333,0.791718938
18,5,4,0.791596254
18.1,5,3.966666667,0.791472544
18.2,5,3.933333333,0.79134779
18.3,5,3.9,0.791221974
18.4,5,3.866666667,0.791095078
18.5,5,3.833333333,0.790967083
18.6,5,3.8,0.79083797
18.7,5,3.766666667,0.79070772
18.8,5,3.733333333,0.790576312
18.9,5,3.7,0.790443726
19,5,3.666666667,0.790309939
19.1,5,3.633333333,0.790174931
19.2,5,3.6,0.790038678
19.3,5,3.566666667,0.789901158
19.4,5,3.533333333,0.789762347
19.5,5,3.5,0.78962222
19.6,5,3.466666667,0.789480752
19.7,5,3.433333333,0.789337917
19.8,5,3.4,0.789193688
19.9,5,3.366666667,0.789048039
20,5,3.333333333,0.78890094
20.1,5,3.3,0.788752363
20.2,5,3.266666667,0.788602278
20.3,5,3.233333333,0.788450653
20.4,5,3.2,0.788297456
20.5,5,3.166666667,0.788142656
20.6,5,3.133333333,0.787986218
20.7,5,3.1,0.787828106
20.8,5,3.066666667,0.787668285
20.9,5,3.033333333,0.787506717
21,5,3,0.787343364
21.1,5,2.966666667,0.787178186
21.2,5,2.933333333,0.787011141
21.3,5,2.9,0.786842187
21.4,5,2.866666667,0.78667128
21.5,5,2.833333333,0.786498374
21.6,5,2.8,0.786323422
21.7,5,2.766666667,0.786146374
21.8,5,2.733333333,0.78596718
21.9,5,2.7,0.785785788
22,5,2.666666667,0.785602142
22.1,5,2.633333333,0.785416186
22.2,5,2.6,0.785227861
22.3,5,2.566666667,0.785037107
22.4,5,2.533333333,0.784843858
22.5,5,2.5,0.78464805
22.6,5,2.466666667,0.784449613
22.7,5,2.433333333,0.784248477
22.8,5,2.4,0.784044566
22.9,5,2.366666667,0.783837803
23,5,2.333333333,0.783628108
23.1,5,2.3,0.783415394
23.2,5,2.266666667,0.783199576
23.3,5,2.233333333,0.78298056
23.4,5,2.2,0.782758251
23.5,5,2.166666667,0.782532547
23.6,5,2.133333333,0.782303344
23.7,5,2.1,0.782070531
23.8,5,2.066666667,0.781833994
23.9,5,2.033333333,0.781593609
24,5,2,0.781349252
24.1,5,1.966666667,0.781100787
24.2,5,1.933333333,0.780848075
24.3,5,1.9,0.780590968
24.4,5,1.866666667,0.780329309
24.5,5,1.833333333,0.780062936
24.6,5,1.8,0.779791676
24.7,5,1.766666667,0.779515344
24.8,5,1.733333333,0.779233749
24.9,5,1.7,0.778946686
25,5,1.666666667,0.778653938
25.1,5,1.633333333,0.778355275
25.2,5,1.6,0.778050454
25.3,5,1.566666667,0.777739215
25.4,5,1.533333333,0.777421282
25.5,5,1.5,0.777096361
25.6,5,1.466666667,0.776764138
25.7,5,1.433333333,0.776424277
25.8,5,1.4,0.776076419
25.9,5,1.366666667,0.775720178
26,5,1.333333333,0.775355139
26.1,5,1.3,0.774980859
26.2,5,1.266666667,0.774596855
26.3,5,1.233333333,0.774202611
26.4,5,1.2,0.773797563
26.5,5,1.166666667,0.773381105
26.6,5,1.133333333,0.772952573
26.7,5,1.1,0.772511248
26.8,5,1.066666667,0.772056341
26.9,5,1.033333333,0.771586991
27,5,1,0.771102249
27.1,5,0.966666667,0.770601072
27.2,5,0.933333333,0.770082307
27.3,5,0.9,0.769544673
27.4,5,0.866666667,0.768986746
27.5,5,0.833333333,0.768406935
27.6,5,0.8,0.767803451
27.7,5,0.766666667,0.767174279
27.8,5,0.733333333,0.766517136
27.9,5,0.7,0.765829416
28,5,0.666666667,0.765108137
28.1,5,0.633333333,0.764349853
28.2,5,0.6,0.763550561
28.3,5,0.566666667,0.762705571
28.4,5,0.533333333,0.761809339
28.5,5,0.5,0.760855246
28.6,5,0.466666667,0.759835304
28.7,5,0.433333333,0.758739744
28.8,5,0.4,0.757556448
28.9,5,0.366666667,0.756270133
29,5,0.333333333,0.754861134
29.1,5,0.3,0.753303558
29.2,5,0.266666667,0.751562336
29.3,5,0.233333333,0.749588301
29.4,5,0.2,0.747309446
29.5,5,0.166666667,0.744614131
29.6,5,0.133333333,0.741315333
29.7,5,0.1,0.737062443
29.8,5,0.066666667,0.731068331
29.9,5,0.033333333,0.720821328
30,10,5,0.738537028
30.1,10,4.966666667,0.738438143
30.2,10,4.933333333,0.738338592
30.3,10,4.9,0.738238366
30.4,10,4.866666667,0.738137455
30.5,10,4.833333333,0.738035851
30.6,10,4.8,0.737933544
30.7,10,4.766666667,0.737830525
30.8,10,4.733333333,0.737726782
30.9,10,4.7,0.737622306
31,10,4.666666667,0.737517086
31.1,10,4.633333333,0.737411112
31.2,10,4.6,0.737304373
31.3,10,4.566666667,0.737196858
31.4,10,4.533333333,0.737088554
31.5,10,4.5,0.736979452
31.6,10,4.466666667,0.736869539
31.7,10,4.433333333,0.736758802
31.8,10,4.4,0.736647229
31.9,10,4.366666667,0.736534808
32,10,4.333333333,0.736421526
32.1,10,4.3,0.736307368
32.2,10,4.266666667,0.736192323
32.3,10,4.233333333,0.736076374
32.4,10,4.2,0.73595951
32.5,10,4.166666667,0.735841714
32.6,10,4.133333333,0.735722972
32.7,10,4.1,0.735603268
32.8,10,4.066666667,0.735482588
32.9,10,4.033333333,0.735360914
33,10,4,0.73523823
33.1,10,3.966666667,0.73511452
33.2,10,3.933333333,0.734989766
33.3,10,3.9,0.734863949
33.4,10,3.866666667,0.734737053
33.5,10,3.833333333,0.734609059
33.6,10,3.8,0.734479946
33.7,10,3.766666667,0.734349696
33.8,10,3.733333333,0.734218288
33.9,10,3.7,0.734085701
34,10,3.666666667,0.733951915
34.1,10,3.633333333,0.733816907
34.2,10,3.6,0.733680654
34.3,10,3.566666667,0.733543134
34.4,10,3.533333333,0.733404323
34.5,10,3.5,0.733264196
34.6,10,3.466666667,0.733122727
34.7,10,3.433333333,0.732979893
34.8,10,3.4,0.732835664
34.9,10,3.366666667,0.732690015
35,10,3.333333333,0.732542916
35.1,10,3.3,0.732394339
35.2,10,3.266666667,0.732244253
35.3,10,3.233333333,0.732092628
35.4,10,3.2,0.731939432
35.5,10,3.166666667,0.731784632
35.6,10,3.133333333,0.731628193
35.7,10,3.1,0.731470082
35.8,10,3.066666667,0.731310261
35.9,10,3.033333333,0.731148693
36,10,3,0.73098534
36.1,10,2.966666667,0.730820162
36.2,10,2.933333333,0.730653117
36.3,10,2.9,0.730484163
36.4,10,2.866666667,0.730313256
36.5,10,2.833333333,0.73014035
36.6,10,2.8,0.729965397
36.7,10,2.766666667,0.72978835
36.8,10,2.733333333,0.729609156
36.9,10,2.7,0.729427764
37,10,2.666666667,0.729244118
37.1,10,2.633333333,0.729058162
37.2,10,2.6,0.728869837
37.3,10,2.566666667,0.728679082
37.4,10,2.533333333,0.728485834
37.5,10,2.5,0.728290026
37.6,10,2.466666667,0.728091589
37.7,10,2.433333333,0.727890453
37.8,10,2.4,0.727686542
37.9,10,2.366666667,0.727479779
38,10,2.333333333,0.727270083
38.1,10,2.3,0.72705737
38.2,10,2.266666667,0.726841552
38.3,10,2.233333333,0.726622536
38.4,10,2.2,0.726400226
38.5,10,2.166666667,0.726174523
38.6,10,2.133333333,0.72594532
38.7,10,2.1,0.725712507
38.8,10,2.066666667,0.725475969
38.9,10,2.033333333,0.725235585
39,10,2,0.724991227
39.1,10,1.966666667,0.724742763
39.2,10,1.933333333,0.724490051
39.3,10,1.9,0.724232943
39.4,10,1.866666667,0.723971285
39.5,10,1.833333333,0.723704912
39.6,10,1.8,0.723433651
39.7,10,1.766666667,0.72315732
39.8,10,1.733333333,0.722875725
39.9,10,1.7,0.722588661
40,10,1.666666667,0.722295913
40.1,10,1.633333333,0.721997251
40.2,10,1.6,0.721692429
40.3,10,1.566666667,0.721381191
40.4,10,1.533333333,0.721063258
40.5,10,1.5,0.720738337
40.6,10,1.466666667,0.720406114
40.7,10,1.433333333,0.720066253
40.8,10,1.4,0.719718395
40.9,10,1.366666667,0.719362153
41,10,1.333333333,0.718997115
41.1,10,1.3,0.718622834
41.2,10,1.266666667,0.718238831
41.3,10,1.233333333,0.717844586
41.4,10,1.2,0.717439539
41.5,10,1.166666667,0.717023081
41.6,10,1.133333333,0.716594549
41.7,10,1.1,0.716153224
41.8,10,1.066666667,0.715698317
41.9,10,1.033333333,0.715228967
42,10,1,0.714744225
42.1,10,0.966666667,0.714243048
42.2,10,0.933333333,0.713724282
42.3,10,0.9,0.713186649
42.4,10,0.866666667,0.712628722
42.5,10,0.833333333,0.71204891
42.6,10,0.8,0.711445427
42.7,10,0.766666667,0.710816255
42.8,10,0.733333333,0.710159111
42.9,10,0.7,0.709471392
43,10,0.666666667,0.708750112
43.1,10,0.633333333,0.707991828
43.2,10,0.6,0.707192536
43.3,10,0.566666667,0.706347546
43.4,10,0.533333333,0.705451314
43.5,10,0.5,0.704497222
43.6,10,0.466666667,0.70347728
43.7,10,0.433333333,0.702381719
43.8,10,0.4,0.701198424
43.9,10,0.366666667,0.699912109
44,10,0.333333333,0.69850311
44.1,10,0.3,0.696945534
44.2,10,0.266666667,0.695204312
44.3,10,0.233333333,0.693230277
44.4,10,0.2,0.690951421
44.5,10,0.166666667,0.688256107
44.6,10,0.133333333,0.684957309
44.7,10,0.1,0.680704419
44.8,10,0.066666667,0.674710306
44.9,10,0.033333333,0.664463304
45,15,5,0.700880454
45.1,15,4.966666667,0.700781568
45.2,15,4.933333333,0.700682017
45.3,15,4.9,0.700581791
45.4,15,4.866666667,0.700480881
45.5,15,4.833333333,0.700379277
45.6,15,4.8,0.70027697
45.7,15,4.766666667,0.70017395
45.8,15,4.733333333,0.700070207
45.9,15,4.7,0.699965731
46,15,4.666666667,0.699860511
46.1,15,4.633333333,0.699754537
46.2,15,4.6,0.699647798
46.3,15,4.566666667,0.699540283
46.4,15,4.533333333,0.69943198
46.5,15,4.5,0.699322877
46.6,15,4.466666667,0.699212964
46.7,15,4.433333333,0.699102227
46.8,15,4.4,0.698990654
46.9,15,4.366666667,0.698878233
47,15,4.333333333,0.698764951
47.1,15,4.3,0.698650794
47.2,15,4.266666667,0.698535748
47.3,15,4.233333333,0.6984198
47.4,15,4.2,0.698302935
47.5,15,4.166666667,0.698185139
47.6,15,4.133333333,0.698066397
47.7,15,4.1,0.697946694
47.8,15,4.066666667,0.697826013
47.9,15,4.033333333,0.697704339
48,15,4,0.697581656
48.1,15,3.966666667,0.697457945
48.2,15,3.933333333,0.697333191
48.3,15,3.9,0.697207375
48.4,15,3.866666667,0.697080479
48.5,15,3.833333333,0.696952484
48.6,15,3.8,0.696823371
48.7,15,3.766666667,0.696693121
48.8,15,3.733333333,0.696561713
48.9,15,3.7,0.696429127
49,15,3.666666667,0.69629534
49.1,15,3.633333333,0.696160332
49.2,15,3.6,0.696024079
49.3,15,3.566666667,0.695886559
49.4,15,3.533333333,0.695747748
49.5,15,3.5,0.695607621
49.6,15,3.466666667,0.695466153
49.7,15,3.433333333,0.695323318
49.8,15,3.4,0.695179089
49.9,15,3.366666667,0.69503344
50,15,3.333333333,0.694886341
50.1,15,3.3,0.694737764
50.2,15,3.266666667,0.694587679
50.3,15,3.233333333,0.694436054
50.4,15,3.2,0.694282857
50.5,15,3.166666667,0.694128057
50.6,15,3.133333333,0.693971619
50.7,15,3.1,0.693813507
50.8,15,3.066666667,0.693653686
50.9,15,3.033333333,0.693492118
51,15,3,0.693328765
51.1,15,2.966666667,0.693163587
51.2,15,2.933333333,0.692996542
51.3,15,2.9,0.692827588
51.4,15,2.866666667,0.692656681
51.5,15,2.833333333,0.692483775
51.6,15,2.8,0.692308823
51.7,15,2.766666667,0.692131775
51.8,15,2.733333333,0.691952581
51.9,15,2.7,0.691771189
52,15,2.666666667,0.691587543
52.1,15,2.633333333,0.691401587
52.2,15,2.6,0.691213262
52.3,15,2.566666667,0.691022508
52.4,15,2.533333333,0.690829259
52.5,15,2.5,0.690633451
52.6,15,2.466666667,0.690435014
52.7,15,2.433333333,0.690233878
52.8,15,2.4,0.690029967
52.9,15,2.366666667,0.689823204
53,15,2.333333333,0.689613509
53.1,15,2.3,0.689400796
53.2,15,2.266666667,0.689184977
53.3,15,2.233333333,0.688965961
53.4,15,2.2,0.688743652
53.5,15,2.166666667,0.688517948
53.6,15,2.133333333,0.688288745
53.7,15,2.1,0.688055932
53.8,15,2.066666667,0.687819395
53.9,15,2.033333333,0.68757901
54,15,2,0.687334653
54.1,15,1.966666667,0.687086188
54.2,15,1.933333333,0.686833476
54.3,15,1.9,0.686576369
54.4,15,1.866666667,0.68631471
54.5,15,1.833333333,0.686048338
54.6,15,1.8,0.685777077
54.7,15,1.766666667,0.685500745
54.8,15,1.733333333,0.68521915
54.9,15,1.7,0.684932087
55,15,1.666666667,0.684639339
55.1,15,1.633333333,0.684340676
55.2,15,1.6,0.684035855
55.3,15,1.566666667,0.683724616
55.4,15,1.533333333,0.683406683
55.5,15,1.5,0.683081762
55.6,15,1.466666667,0.682749539
55.7,15,1.433333333,0.682409679
55.8,15,1.4,0.68206182
55.9,15,1.366666667,0.681705579
56,15,1.333333333,0.68134054
56.1,15,1.3,0.68096626
56.2,15,1.266666667,0.680582256
56.3,15,1.233333333,0.680188012
56.4,15,1.2,0.679782964
56.5,15,1.166666667,0.679366506
56.6,15,1.133333333,0.678937974
56.7,15,1.1,0.678496649
56.8,15,1.066666667,0.678041742
56.9,15,1.033333333,0.677572392
57,15,1,0.67708765
57.1,15,0.966666667,0.676586473
57.2,15,0.933333333,0.676067708
57.3,15,0.9,0.675530074
57.4,15,0.866666667,0.674972147
57.5,15,0.833333333,0.674392336
57.6,15,0.8,0.673788852
57.7,15,0.766666667,0.67315968
57.8,15,0.733333333,0.672502537
57.9,15,0.7,0.671814817
58,15,0.666666667,0.671093538
58.1,15,0.633333333,0.670335254
58.2,15,0.6,0.669535962
58.3,15,0.566666667,0.668690972
58.4,15,0.533333333,0.66779474
58.5,15,0.5,0.666840647
58.6,15,0.466666667,0.665820705
58.7,15,0.433333333,0.664725145
58.8,15,0.4,0.663541849
58.9,15,0.366666667,0.662255534
59,15,0.333333333,0.660846535
59.1,15,0.3,0.659288959
59.2,15,0.266666667,0.657547737
59.3,15,0.233333333,0.655573702
59.4,15,0.2,0.653294847
59.5,15,0.166666667,0.650599532
59.6,15,0.133333333,0.647300734
59.7,15,0.1,0.643047844
59.8,15,0.066666667,0.637053732
59.9,15,0.033333333,0.626806729
60,20,5,0.670621877
60.1,20,4.966666667,0.670522992
60.2,20,4.933333333,0.67042344
60.3,20,4.9,0.670323214
60.4,20,4.866666667,0.670222304
60.5,20,4.833333333,0.6701207
60.6,20,4.8,0.670018393
60.7,20,4.766666667,0.669915373
60.8,20,4.733333333,0.66981163
60.9,20,4.7,0.669707154
61,20,4.666666667,0.669601935
61.1,20,4.633333333,0.669495961
61.2,20,4.6,0.669389222
61.3,20,4.566666667,0.669281706
61.4,20,4.533333333,0.669173403
61.5,20,4.5,0.669064301
61.6,20,4.466666667,0.668954387
61.7,20,4.433333333,0.66884365
61.8,20,4.4,0.668732078
61.9,20,4.366666667,0.668619657
62,20,4.333333333,0.668506374
62.1,20,4.3,0.668392217
62.2,20,4.266666667,0.668277171
62.3,20,4.233333333,0.668161223
62.4,20,4.2,0.668044358
62.5,20,4.166666667,0.667926563
62.6,20,4.133333333,0.667807821
62.7,20,4.1,0.667688117
62.8,20,4.066666667,0.667567436
62.9,20,4.033333333,0.667445762
63,20,4,0.667323079
63.1,20,3.966666667,0.667199368
63.2,20,3.933333333,0.667074614
63.3,20,3.9,0.666948798
63.4,20,3.866666667,0.666821902
63.5,20,3.833333333,0.666693907
63.6,20,3.8,0.666564795
63.7,20,3.766666667,0.666434544
63.8,20,3.733333333,0.666303136
63.9,20,3.7,0.66617055
64,20,3.666666667,0.666036764
64.1,20,3.633333333,0.665901755
64.2,20,3.6,0.665765503
64.3,20,3.566666667,0.665627983
64.4,20,3.533333333,0.665489171
64.5,20,3.5,0.665349044
64.6,20,3.466666667,0.665207576
64.7,20,3.433333333,0.665064741
64.8,20,3.4,0.664920513
64.9,20,3.366666667,0.664774863
65,20,3.333333333,0.664627765
65.1,20,3.3,0.664479187
65.2,20,3.266666667,0.664329102
65.3,20,3.233333333,0.664177477
65.4,20,3.2,0.664024281
65.5,20,3.166666667,0.66386948
65.6,20,3.133333333,0.663713042
65.7,20,3.1,0.66355493
65.8,20,3.066666667,0.663395109
65.9,20,3.033333333,0.663233541
66,20,3,0.663070188
66.1,20,2.966666667,0.66290501
66.2,20,2.933333333,0.662737965
66.3,20,2.9,0.662569012
66.4,20,2.866666667,0.662398104
66.5,20,2.833333333,0.662225198
66.6,20,2.8,0.662050246
66.7,20,2.766666667,0.661873198
66.8,20,2.733333333,0.661694005
66.9,20,2.7,0.661512612
67,20,2.666666667,0.661328966
67.1,20,2.633333333,0.661143011
67.2,20,2.6,0.660954686
67.3,20,2.566666667,0.660763931
67.4,20,2.533333333,0.660570682
67.5,20,2.5,0.660374874
67.6,20,2.466666667,0.660176438
67.7,20,2.433333333,0.659975301
67.8,20,2.4,0.65977139
67.9,20,2.366666667,0.659564628
68,20,2.333333333,0.659354932
68.1,20,2.3,0.659142219
68.2,20,2.266666667,0.6589264
68.3,20,2.233333333,0.658707385
68.4,20,2.2,0.658485075
68.5,20,2.166666667,0.658259371
68.6,20,2.133333333,0.658030168
68.7,20,2.1,0.657797356
68.8,20,2.066666667,0.657560818
68.9,20,2.033333333,0.657320434
69,20,2,0.657076076
69.1,20,1.966666667,0.656827611
69.2,20,1.933333333,0.656574899
69.3,20,1.9,0.656317792
69.4,20,1.866666667,0.656056134
69.5,20,1.833333333,0.655789761
69.6,20,1.8,0.6555185
69.7,20,1.766666667,0.655242169
69.8,20,1.733333333,0.654960573
69.9,20,1.7,0.65467351
70,20,1.666666667,0.654380762
70.1,20,1.633333333,0.654082099
70.2,20,1.6,0.653777278
70.3,20,1.566666667,0.653466039
70.4,20,1.533333333,0.653148106
70.5,20,1.5,0.652823186
70.6,20,1.466666667,0.652490963
70.7,20,1.433333333,0.652151102
70.8,20,1.4,0.651803243
70.9,20,1.366666667,0.651447002
71,20,1.333333333,0.651081964
71.1,20,1.3,0.650707683
71.2,20,1.266666667,0.65032368
71.3,20,1.233333333,0.649929435
71.4,20,1.2,0.649524388
71.5,20,1.166666667,0.649107929
71.6,20,1.133333333,0.648679398
71.7,20,1.1,0.648238072
71.8,20,1.066666667,0.647783166
71.9,20,1.033333333,0.647313815
72,20,1,0.646829073
72.1,20,0.966666667,0.646327897
72.2,20,0.933333333,0.645809131
72.3,20,0.9,0.645271497
72.4,20,0.866666667,0.644713571
72.5,20,0.833333333,0.644133759
72.6,20,0.8,0.643530275
72.7,20,0.766666667,0.642901104
72.8,20,0.733333333,0.64224396
72.9,20,0.7,0.641556241
73,20,0.666666667,0.640834961
73.1,20,0.633333333,0.640076677
73.2,20,0.6,0.639277385
73.3,20,0.566666667,0.638432395
73.4,20,0.533333333,0.637536163
73.5,20,0.5,0.636582071
73.6,20,0.466666667,0.635562128
73.7,20,0.433333333,0.634466568
73.8,20,0.4,0.633283273
73.9,20,0.366666667,0.631996957
74,20,0.333333333,0.630587958
74.1,20,0.3,0.629030382
74.2,20,0.266666667,0.62728916
74.3,20,0.233333333,0.625315126
74.4,20,0.2,0.62303627
74.5,20,0.166666667,0.620340956
74.6,20,0.133333333,0.617042158
74.7,20,0.1,0.612789267
74.8,20,0.066666667,0.606795155
74.9,20,0.033333333,0.596548152
75,25,5,0.644169162
75.1,25,4.966666667,0.644070277
75.2,25,4.933333333,0.643970725
75.3,25,4.9,0.643870499
75.4,25,4.866666667,0.643769589
75.5,25,4.833333333,0.643667985
75.6,25,4.8,0.643565678
75.7,25,4.766666667,0.643462658
75.8,25,4.733333333,0.643358915
75.9,25,4.7,0.643254439
76,25,4.666666667,0.64314922
76.1,25,4.633333333,0.643043246
76.2,25,4.6,0.642936507
76.3,25,4.566666667,0.642828991
76.4,25,4.533333333,0.642720688
76.5,25,4.5,0.642611586
76.6,25,4.466666667,0.642501672
76.7,25,4.433333333,0.642390935
76.8,25,4.4,0.642279363
76.9,25,4.366666667,0.642166942
77,25,4.333333333,0.642053659
77.1,25,4.3,0.641939502
77.2,25,4.266666667,0.641824456
77.3,25,4.233333333,0.641708508
77.4,25,4.2,0.641591643
77.5,25,4.166666667,0.641473848
77.6,25,4.133333333,0.641355106
77.7,25,4.1,0.641235402
77.8,25,4.066666667,0.641114721
77.9,25,4.033333333,0.640993048
78,25,4,0.640870364
78.1,25,3.966666667,0.640746653
78.2,25,3.933333333,0.640621899
78.3,25,3.9,0.640496083
78.4,25,3.866666667,0.640369187
78.5,25,3.833333333,0.640241192
78.6,25,3.8,0.64011208
78.7,25,3.766666667,0.639981829
78.8,25,3.733333333,0.639850422
78.9,25,3.7,0.639717835
79,25,3.666666667,0.639584049
79.1,25,3.633333333,0.63944904
79.2,25,3.6,0.639312788
79.3,25,3.566666667,0.639175268
79.4,25,3.533333333,0.639036456
79.5,25,3.5,0.638896329
79.6,25,3.466666667,0.638754861
79.7,25,3.433333333,0.638612026
79.8,25,3.4,0.638467798
79.9,25,3.366666667,0.638322148
80,25,3.333333333,0.63817505
80.1,25,3.3,0.638026472
80.2,25,3.266666667,0.637876387
80.3,25,3.233333333,0.637724762
80.4,25,3.2,0.637571566
80.5,25,3.166666667,0.637416765
80.6,25,3.133333333,0.637260327
80.7,25,3.1,0.637102215
80.8,25,3.066666667,0.636942394
80.9,25,3.033333333,0.636780826
81,25,3,0.636617473
81.1,25,2.966666667,0.636452295
81.2,25,2.933333333,0.63628525
81.3,25,2.9,0.636116297
81.4,25,2.866666667,0.63594539
81.5,25,2.833333333,0.635772483
81.6,25,2.8,0.635597531
81.7,25,2.766666667,0.635420484
81.8,25,2.733333333,0.63524129
81.9,25,2.7,0.635059897
82,25,2.666666667,0.634876252
82.1,25,2.633333333,0.634690296
82.2,25,2.6,0.634501971
82.3,25,2.566666667,0.634311216
82.4,25,2.533333333,0.634117967
82.5,25,2.5,0.633922159
82.6,25,2.466666667,0.633723723
82.7,25,2.433333333,0.633522586
82.8,25,2.4,0.633318675
82.9,25,2.366666667,0.633111913
83,25,2.333333333,0.632902217
83.1,25,2.3,0.632689504
83.2,25,2.266666667,0.632473685
83.3,25,2.233333333,0.63225467
83.4,25,2.2,0.63203236
83.5,25,2.166666667,0.631806656
83.6,25,2.133333333,0.631577453
83.7,25,2.1,0.631344641
83.8,25,2.066666667,0.631108103
83.9,25,2.033333333,0.630867719
84,25,2,0.630623361
84.1,25,1.966666667,0.630374896
84.2,25,1.933333333,0.630122184
84.3,25,1.9,0.629865077
84.4,25,1.866666667,0.629603419
84.5,25,1.833333333,0.629337046
84.6,25,1.8,0.629065785
84.7,25,1.766666667,0.628789454
84.8,25,1.733333333,0.628507858
84.9,25,1.7,0.628220795
85,25,1.666666667,0.627928047
85.1,25,1.633333333,0.627629384
85.2,25,1.6,0.627324563
85.3,25,1.566666667,0.627013324
85.4,25,1.533333333,0.626695392
85.5,25,1.5,0.626370471
85.6,25,1.466666667,0.626038248
85.7,25,1.433333333,0.625698387
85.8,25,1.4,0.625350528
85.9,25,1.366666667,0.624994287
86,25,1.333333333,0.624629249
86.1,25,1.3,0.624254968
86.2,25,1.266666667,0.623870965
86.3,25,1.233333333,0.62347672
86.4,25,1.2,0.623071673
86.5,25,1.166666667,0.622655214
86.6,25,1.133333333,0.622226683
86.7,25,1.1,0.621785357
86.8,25,1.066666667,0.621330451
86.9,25,1.033333333,0.6208611
87,25,1,0.620376358
87.1,25,0.966666667,0.619875182
87.2,25,0.933333333,0.619356416
87.3,25,0.9,0.618818782
87.4,25,0.866666667,0.618260856
87.5,25,0.833333333,0.617681044
87.6,25,0.8,0.61707756
87.7,25,0.766666667,0.616448389
87.8,25,0.733333333,0.615791245
87.9,25,0.7,0.615103526
88,25,0.666666667,0.614382246
88.1,25,0.633333333,0.613623962
88.2,25,0.6,0.61282467
88.3,25,0.566666667,0.61197968
88.4,25,0.533333333,0.611083448
88.5,25,0.5,0.610129356
88.6,25,0.466666667,0.609109413
88.7,25,0.433333333,0.608013853
88.8,25,0.4,0.606830558
88.9,25,0.366666667,0.605544242
89,25,0.333333333,0.604135243
89.1,25,0.3,0.602577667
89.2,25,0.266666667,0.600836445
89.3,25,0.233333333,0.598862411
89.4,25,0.2,0.596583555
89.5,25,0.166666667,0.593888241
89.6,25,0.133333333,0.590589443
89.7,25,0.1,0.586336552
89.8,25,0.066666667,0.58034244
89.9,25,0.033333333,0.570095437
90,30,5,0.619874156
90.1,30,4.966666667,0.619775271
90.2,30,4.933333333,0.61967572
90.3,30,4.9,0.619575494
90.4,30,4.866666667,0.619474583
90.5,30,4.833333333,0.619372979
90.6,30,4.8,0.619270672
90.7,30,4.766666667,0.619167653
90.8,30,4.733333333,0.61906391
90.9,30,4.7,0.618959434
91,30,4.666666667,0.618854214
91.1,30,4.633333333,0.61874824
91.2,30,4.6,0.618641501
91.3,30,4.566666667,0.618533986
91.4,30,4.533333333,0.618425683
91.5,30,4.5,0.61831658
91.6,30,4.466666667,0.618206667
91.7,30,4.433333333,0.61809593
91.8,30,4.4,0.617984357
91.9,30,4.366666667,0.617871936
92,30,4.333333333,0.617758654
92.1,30,4.3,0.617644496
92.2,30,4.266666667,0.617529451
92.3,30,4.233333333,0.617413503
92.4,30,4.2,0.617296638
92.5,30,4.166666667,0.617178842
92.6,30,4.133333333,0.6170601
92.7,30,4.1,0.616940397
92.8,30,4.066666667,0.616819716
92.9,30,4.033333333,0.616698042
93,30,4,0.616575358
93.1,30,3.966666667,0.616451648
93.2,30,3.933333333,0.616326894
93.3,30,3.9,0.616201077
93.4,30,3.866666667,0.616074181
93.5,30,3.833333333,0.615946187
93.6,30,3.8,0.615817074
93.7,30,3.766666667,0.615686824
93.8,30,3.733333333,0.615555416
93.9,30,3.7,0.615422829
94,30,3.666666667,0.615289043
94.1,30,3.633333333,0.615154035
94.2,30,3.6,0.615017782
94.3,30,3.566666667,0.614880262
94.4,30,3.533333333,0.614741451
94.5,30,3.5,0.614601324
94.6,30,3.466666667,0.614459856
94.7,30,3.433333333,0.614317021
94.8,30,3.4,0.614172792
94.9,30,3.366666667,0.614027143
95,30,3.333333333,0.613880044
95.1,30,3.3,0.613731467
95.2,30,3.266666667,0.613581381
95.3,30,3.233333333,0.613429756
95.4,30,3.2,0.61327656
95.5,30,3.166666667,0.61312176
95.6,30,3.133333333,0.612965321
95.7,30,3.1,0.61280721
95.8,30,3.066666667,0.612647389
95.9,30,3.033333333,0.612485821
96,30,3,0.612322468
96.1,30,2.966666667,0.61215729
96.2,30,2.933333333,0.611990245
96.3,30,2.9,0.611821291
96.4,30,2.866666667,0.611650384
96.5,30,2.833333333,0.611477478
96.6,30,2.8,0.611302526
96.7,30,2.766666667,0.611125478
96.8,30,2.733333333,0.610946284
96.9,30,2.7,0.610764892
97,30,2.666666667,0.610581246
97.1,30,2.633333333,0.61039529
97.2,30,2.6,0.610206965
97.3,30,2.566666667,0.61001621
97.4,30,2.533333333,0.609822962
97.5,30,2.5,0.609627154
97.6,30,2.466666667,0.609428717
97.7,30,2.433333333,0.609227581
97.8,30,2.4,0.60902367
97.9,30,2.366666667,0.608816907
98,30,2.333333333,0.608607211
98.1,30,2.3,0.608394498
98.2,30,2.266666667,0.60817868
98.3,30,2.233333333,0.607959664
98.4,30,2.2,0.607737354
98.5,30,2.166666667,0.607511651
98.6,30,2.133333333,0.607282448
98.7,30,2.1,0.607049635
98.8,30,2.066666667,0.606813097
98.9,30,2.033333333,0.606572713
99,30,2,0.606328356
99.1,30,1.966666667,0.606079891
99.2,30,1.933333333,0.605827179
99.3,30,1.9,0.605570071
99.4,30,1.866666667,0.605308413
99.5,30,1.833333333,0.60504204
99.6,30,1.8,0.604770779
99.7,30,1.766666667,0.604494448
99.8,30,1.733333333,0.604212853
99.9,30,1.7,0.603925789
100,30,1.666666667,0.603633041
100.1,30,1.633333333,0.603334379
100.2,30,1.6,0.603029557
100.3,30,1.566666667,0.602718319
100.4,30,1.533333333,0.602400386
100.5,30,1.5,0.602075465
100.6,30,1.466666667,0.601743242
100.7,30,1.433333333,0.601403381
100.8,30,1.4,0.601055523
100.9,30,1.366666667,0.600699281
101,30,1.333333333,0.600334243
101.1,30,1.3,0.599959962
101.2,30,1.266666667,0.599575959
101.3,30,1.233333333,0.599181714
101.4,30,1.2,0.598776667
101.5,30,1.166666667,0.598360209
101.6,30,1.133333333,0.597931677
101.7,30,1.1,0.597490352
101.8,30,1.066666667,0.597035445
101.9,30,1.033333333,0.596566095
102,30,1,0.596081353
102.1,30,0.966666667,0.595580176
102.2,30,0.933333333,0.59506141
102.3,30,0.9,0.594523777
102.4,30,0.866666667,0.59396585
102.5,30,0.833333333,0.593386039
102.6,30,0.8,0.592782555
102.7,30,0.766666667,0.592153383
102.8,30,0.733333333,0.591496239
102.9,30,0.7,0.59080852
103,30,0.666666667,0.59008724
103.1,30,0.633333333,0.589328956
103.2,30,0.6,0.588529664
103.3,30,0.566666667,0.587684674
103.4,30,0.533333333,0.586788442
103.5,30,0.5,0.58583435
103.6,30,0.466666667,0.584814408
103.7,30,0.433333333,0.583718847
103.8,30,0.4,0.582535552
103.9,30,0.366666667,0.581249237
104,30,0.333333333,0.579840238
104.1,30,0.3,0.578282662
104.2,30,0.266666667,0.57654144
104.3,30,0.233333333,0.574567405
104.4,30,0.2,0.572288549
104.5,30,0.166666667,0.569593235
104.6,30,0.133333333,0.566294437
104.7,30,0.1,0.562041547
104.8,30,0.066666667,0.556047434
104.9,30,0.033333333,0.545800432
105,25,5,0.644169162
105.1,25,4.966666667,0.644070277
105.2,25,4.933333333,0.643970725
105.3,25,4.9,0.643870499
105.4,25,4.866666667,0.643769589
105.5,25,4.833333333,0.643667985
105.6,25,4.8,0.643565678
105.7,25,4.766666667,0.643462658
105.8,25,4.733333333,0.643358915
105.9,25,4.7,0.643254439
106,25,4.666666667,0.64314922
106.1,25,4.633333333,0.643043246
106.2,25,4.6,0.642936507
106.3,25,4.566666667,0.642828991
106.4,25,4.533333333,0.642720688
106.5,25,4.5,0.642611586
106.6,25,4.466666667,0.642501672
106.7,25,4.433333333,0.642390935
106.8,25,4.4,0.642279363
106.9,25,4.366666667,0.642166942
107,25,4.333333333,0.642053659
107.1,25,4.3,0.641939502
107.2,25,4.266666667,0.641824456
107.3,25,4.233333333,0.641708508
107.4,25,4.2,0.641591643
107.5,25,4.166666667,0.641473848
107.6,25,4.133333333,0.641355106
107.7,25,4.1,0.641235402
107.8,25,4.066666667,0.641114721
107.9,25,4.033333333,0.640993048
108,25,4,0.640870364
108.1,25,3.966666667,0.640746653
108.2,25,3.933333333,0.640621899
108.3,25,3.9,0.640496083
108.4,25,3.866666667,0.640369187
108.5,25,3.833333333,0.640241192
108.6,25,3.8,0.64011208
108.7,25,3.766666667,0.639981829
108.8,25,3.733333333,0.639850422
108.9,25,3.7,0.639717835
109,25,3.666666667,0.639584049
109.1,25,3.633333333,0.63944904
109.2,25,3.6,0.639312788
109.3,25,3.566666667,0.639175268
109.4,25,3.533333333,0.639036456
109.5,25,3.5,0.638896329
109.6,25,3.466666667,0.638754861
109.7,25,3.433333333,0.638612026
109.8,25,3.4,0.638467798
109.9,25,3.366666667,0.638322148
110,25,3.333333333,0.63817505
110.1,25,3.3,0.638026472
110.2,25,3.266666667,0.637876387
110.3,25,3.233333333,0.637724762
110.4,25,3.2,0.637571566
110.5,25,3.166666667,0.637416765
110.6,25,3.133333333,0.637260327
110.7,25,3.1,0.637102215
110.8,25,3.066666667,0.636942394
110.9,25,3.033333333,0.636780826
111,25,3,0.636617473
111.1,25,2.966666667,0.636452295
111.2,25,2.933333333,0.63628525
111.3,25,2.9,0.636116297
111.4,25,2.866666667,0.63594539
111.5,25,2.833333333,0.635772483
111.6,25,2.8,0.635597531
111.7,25,2.766666667,0.635420484
111.8,25,2.733333333,0.63524129
111.9,25,2.7,0.635059897
112,25,2.666666667,0.634876252
112.1,25,2.633333333,0.634690296
112.2,25,2.6,0.634501971
112.3,25,2.566666667,0.634311216
112.4,25,2.533333333,0.634117967
112.5,25,2.5,0.633922159
112.6,25,2.466666667,0.633723723
112.7,25,2.433333333,0.633522586
112.8,25,2.4,0.633318675
112.9,25,2.366666667,0.633111913
113,25,2.333333333,0.632902217
113.1,25,2.3,0.632689504
113.2,25,2.266666667,0.632473685
113.3,25,2.233333333,0.63225467
113.4,25,2.2,0.63203236
113.5,25,2.166666667,0.631806656
113.6,25,2.133333333,0.631577453
113.7,25,2.1,0.631344641
113.8,25,2.066666667,0.631108103
113.9,25,2.033333333,0.630867719
114,25,2,0.630623361
114.1,25,1.966666667,0.630374896
114.2,25,1.933333333,0.630122184
114.3,25,1.9,0.629865077
114.4,25,1.866666667,0.629603419
114.5,25,1.833333333,0.629337046
114.6,25,1.8,0.629065785
114.7,25,1.766666667,0.628789454
114.8,25,1.733333333,0.628507858
114.9,25,1.7,0.628220795
115,25,1.666666667,0.627928047
115.1,25,1.633333333,0.627629384
115.2,25,1.6,0.627324563
115.3,25,1.566666667,0.627013324
115.4,25,1.533333333,0.626695392
115.5,25,1.5,0.626370471
115.6,25,1.466666667,0.626038248
115.7,25,1.433333333,0.625698387
115.8,25,1.4,0.625350528
115.9,25,1.366666667,0.624994287
116,25,1.333333333,0.624629249
116.1,25,1.3,0.624254968
116.2,25,1.266666667,0.623870965
116.3,25,1.233333333,0.62347672
116.4,25,1.2,0.623071673
116.5,25,1.166666667,0.622655214
116.6,25,1.133333333,0.622226683
116.7,25,1.1,0.621785357
116.8,25,1.066666667,0.621330451
116.9,25,1.033333333,0.6208611
117,25,1,0.620376358
117.1,25,0.966666667,0.619875182
117.2,25,0.933333333,0.619356416
117.3,25,0.9,0.618818782
117.4,25,0.866666667,0.618260856
117.5,25,0.833333333,0.617681044
117.6,25,0.8,0.61707756
117.7,25,0.766666667,0.616448389
117.8,25,0.733333333,0.615791245
117.9,25,0.7,0.615103526
118,25,0.666666667,0.614382246
118.1,25,0.633333333,0.613623962
118.2,25,0.6,0.61282467
118.3,25,0.566666667,0.61197968
118.4,25,0.533333333,0.611083448
118.5,25,0.5,0.610129356
118.6,25,0.466666667,0.609109413
118.7,25,0.433333333,0.608013853
118.8,25,0.4,0.606830558
118.9,25,0.366666667,0.605544242
119,25,0.333333333,0.604135243
119.1,25,0.3,0.602577667
119.2,25,0.266666667,0.600836445
119.3,25,0.233333333,0.598862411
119.4,25,0.2,0.596583555
119.5,25,0.166666667,0.593888241
119.6,25,0.133333333,0.590589443
119.7,25,0.1,0.586336552
119.8,25,0.066666667,0.58034244
119.9,25,0.033333333,0.570095437
120,20,5,0.670621877
120.1,20,4.966666667,0.670522992
120.2,20,4.933333333,0.67042344
120.3,20,4.9,0.670323214
120.4,20,4.866666667,0.670222304
120.5,20,4.833333333,0.6701207
120.6,20,4.8,0.670018393
120.7,20,4.766666667,0.669915373
120.8,20,4.733333333,0.66981163
120.9,20,4.7,0.669707154
121,20,4.666666667,0.669601935
121.1,20,4.633333333,0.669495961
121.2,20,4.6,0.669389222
121.3,20,4.566666667,0.669281706
121.4,20,4.533333333,0.669173403
121.5,20,4.5,0.669064301
121.6,20,4.466666667,0.668954387
121.7,20,4.433333333,0.66884365
121.8,20,4.4,0.668732078
121.9,20,4.366666667,0.668619657
122,20,4.333333333,0.668506374
122.1,20,4.3,0.668392217
122.2,20,4.266666667,0.668277171
122.3,20,4.233333333,0.668161223
122.4,20,4.2,0.668044358
122.5,20,4.166666667,0.667926563
122.6,20,4.133333333,0.667807821
122.7,20,4.1,0.667688117
122.8,20,4.066666667,0.667567436
122.9,20,4.033333333,0.667445762
123,20,4,0.667323079
123.1,20,3.966666667,0.667199368
123.2,20,3.933333333,0.667074614
123.3,20,3.9,0.666948798
123.4,20,3.866666667,0.666821902
123.5,20,3.833333333,0.666693907
123.6,20,3.8,0.666564795
123.7,20,3.766666667,0.666434544
123.8,20,3.733333333,0.666303136
123.9,20,3.7,0.66617055
124,20,3.666666667,0.666036764
124.1,20,3.633333333,0.665901755
124.2,20,3.6,0.665765503
124.3,20,3.566666667,0.665627983
124.4,20,3.533333333,0.665489171
124.5,20,3.5,0.665349044
124.6,20,3.466666667,0.665207576
124.7,20,3.433333333,0.665064741
124.8,20,3.4,0.664920513
124.9,20,3.366666667,0.664774863
125,20,3.333333333,0.664627765
125.1,20,3.3,0.664479187
125.2,20,3.266666667,0.664329102
125.3,20,3.233333333,0.664177477
125.4,20,3.2,0.664024281
125.5,20,3.166666667,0.66386948
125.6,20,3.133333333,0.663713042
125.7,20,3.1,0.66355493
125.8,20,3.066666667,0.663395109
125.9,20,3.033333333,0.663233541
126,20,3,0.663070188
126.1,20,2.966666667,0.66290501
126.2,20,2.933333333,0.662737965
126.3,20,2.9,0.662569012
126.4,20,2.866666667,0.662398104
126.5,20,2.833333333,0.662225198
126.6,20,2.8,0.662050246
126.7,20,2.766666667,0.661873198
126.8,20,2.733333333,0.661694005
126.9,20,2.7,0.661512612
127,20,2.666666667,0.661328966
127.1,20,2.633333333,0.661143011
127.2,20,2.6,0.660954686
127.3,20,2.566666667,0.660763931
127.4,20,2.533333333,0.660570682
127.5,20,2.5,0.660374874
127.6,20,2.466666667,0.660176438
127.7,20,2.433333333,0.659975301
127.8,20,2.4,0.65977139
127.9,20,2.366666667,0.659564628
128,20,2.333333333,0.659354932
128.1,20,2.3,0.659142219
128.2,20,2.266666667,0.6589264
128.3,20,2.233333333,0.658707385
128.4,20,2.2,0.658485075
128.5,20,2.166666667,0.658259371
128.6,20,2.133333333,0.658030168
128.7,20,2.1,0.657797356
128.8,20,2.066666667,0.657560818
128.9,20,2.033333333,0.657320434
129,20,2,0.657076076
129.1,20,1.966666667,0.656827611
129.2,20,1.933333333,0.656574899
129.3,20,1.9,0.656317792
129.4,20,1.866666667,0.656056134
129.5,20,1.833333333,0.655789761
129.6,20,1.8,0.6555185
129.7,20,1.766666667,0.655242169
129.8,20,1.733333333,0.654960573
129.9,20,1.7,0.65467351
130,20,1.666666667,0.654380762
130.1,20,1.633333333,0.654082099
130.2,20,1.6,0.653777278
130.3,20,1.566666667,0.653466039
130.4,20,1.533333333,0.653148106
130.5,20,1.5,0.652823186
130.6,20,1.466666667,0.652490963
130.7,20,1.433333333,0.652151102
130.8,20,1.4,0.651803243
130.9,20,1.366666667,0.651447002
131,20,1.333333333,0.651081964
131.1,20,1.3,0.650707683
131.2,20,1.266666667,0.65032368
131.3,20,1.233333333,0.649929435
131.4,20,1.2,0.649524388
131.5,20,1.166666667,0.649107929
131.6,20,1.133333333,0.648679398
131.7,20,1.1,0.648238072
131.8,20,1.066666667,0.647783166
131.9,20,1.033333333,0.647313815
132,20,1,0.646829073
132.1,20,0.966666667,0.646327897
132.2,20,0.933333333,0.645809131
132.3,20,0.9,0.645271497
132.4,20,0.866666667,0.644713571
132.5,20,0.833333333,0.644133759
132.6,20,0.8,0.643530275
132.7,20,0.766666667,0.642901104
132.8,20,0.733333333,0.64224396
132.9,20,0.7,0.641556241
133,20,0.666666667,0.640834961
133.1,20,0.633333333,0.640076677
133.2,20,0.6,0.639277385
133.3,20,0.566666667,0.638432395
133.4,20,0.533333333,0.637536163
133.5,20,0.5,0.636582071
133.6,20,0.466666667,0.635562128
133.7,20,0.433333333,0.634466568
133.8,20,0.4,0.633283273
133.9,20,0.366666667,0.631996957
134,20,0.333333333,0.630587958
134.1,20,0.3,0.629030382
134.2,20,0.266666667,0.62728916
134.3,20,0.233333333,0.625315126
134.4,20,0.2,0.62303627
134.5,20,0.166666667,0.620340956
134.6,20,0.133333333,0.617042158
134.7,20,0.1,0.612789267
134.8,20,0.066666667,0.606795155
134.9,20,0.033333333,0.596548152
135,15,5,0.700880454
135.1,15,4.966666667,0.700781568
135.2,15,4.933333333,0.700682017
135.3,15,4.9,0.700581791
135.4,15,4.866666667,0.700480881
135.5,15,4.833333333,0.700379277
135.6,15,4.8,0.70027697
135.7,15,4.766666667,0.70017395
135.8,15,4.733333333,0.700070207
135.9,15,4.7,0.699965731
136,15,4.666666667,0.699860511
136.1,15,4.633333333,0.699754537
136.2,15,4.6,0.699647798
136.3,15,4.566666667,0.699540283
136.4,15,4.533333333,0.69943198
136.5,15,4.5,0.699322877
136.6,15,4.466666667,0.699212964
136.7,15,4.433333333,0.699102227
136.8,15,4.4,0.698990654
136.9,15,4.366666667,0.698878233
137,15,4.333333333,0.698764951
137.1,15,4.3,0.698650794
137.2,15,4.266666667,0.698535748
137.3,15,4.233333333,0.6984198
137.4,15,4.2,0.698302935
137.5,15,4.166666667,0.698185139
137.6,15,4.133333333,0.698066397
137.7,15,4.1,0.697946694
137.8,15,4.066666667,0.697826013
137.9,15,4.033333333,0.697704339
138,15,4,0.697581656
138.1,15,3.966666667,0.697457945
138.2,15,3.933333333,0.697333191
138.3,15,3.9,0.697207375
138.4,15,3.866666667,0.697080479
138.5,15,3.833333333,0.696952484
138.6,15,3.8,0.696823371
138.7,15,3.766666667,0.696693121
138.8,15,3.733333333,0.696561713
138.9,15,3.7,0.696429127
139,15,3.666666667,0.69629534
139.1,15,3.633333333,0.696160332
139.2,15,3.6,0.696024079
139.3,15,3.566666667,0.695886559
139.4,15,3.533333333,0.695747748
139.5,15,3.5,0.695607621
139.6,15,3.466666667,0.695466153
139.7,15,3.433333333,0.695323318
139.8,15,3.4,0.695179089
139.9,15,3.366666667,0.69503344
140,15,3.333333333,0.694886341
140.1,15,3.3,0.694737764
140.2,15,3.266666667,0.694587679
140.3,15,3.233333333,0.694436054
140.4,15,3.2,0.694282857
140.5,15,3.166666667,0.694128057
140.6,15,3.133333333,0.693971619
140.7,15,3.1,0.693813507
140.8,15,3.066666667,0.693653686
140.9,15,3.033333333,0.693492118
141,15,3,0.693328765
141.1,15,2.966666667,0.693163587
141.2,15,2.933333333,0.692996542
141.3,15,2.9,0.692827588
141.4,15,2.866666667,0.692656681
141.5,15,2.833333333,0.692483775
141.6,15,2.8,0.692308823
141.7,15,2.766666667,0.692131775
141.8,15,2.733333333,0.691952581
141.9,15,2.7,0.691771189
142,15,2.666666667,0.691587543
142.1,15,2.633333333,0.691401587
142.2,15,2.6,0.691213262
142.3,15,2.566666667,0.691022508
142.4,15,2.533333333,0.690829259
142.5,15,2.5,0.690633451
142.6,15,2.466666667,0.690435014
142.7,15,2.433333333,0.690233878
142.8,15,2.4,0.690029967
142.9,15,2.366666667,0.689823204
143,15,2.333333333,0.689613509
143.1,15,2.3,0.689400796
143.2,15,2.266666667,0.689184977
143.3,15,2.233333333,0.688965961
143.4,15,2.2,0.688743652
143.5,15,2.166666667,0.688517948
143.6,15,2.133333333,0.688288745
143.7,15,2.1,0.688055932
143.8,15,2.066666667,0.687819395
143.9,15,2.033333333,0.68757901
144,15,2,0.687334653
144.1,15,1.966666667,0.687086188
144.2,15,1.933333333,0.686833476
144.3,15,1.9,0.686576369
144.4,15,1.866666667,0.68631471
144.5,15,1.833333333,0.686048338
144.6,15,1.8,0.685777077
144.7,15,1.766666667,0.685500745
144.8,15,1.733333333,0.68521915
144.9,15,1.7,0.684932087
145,15,1.666666667,0.684639339
145.1,15,1.633333333,0.684340676
145.2,15,1.6,0.684035855
145.3,15,1.566666667,0.683724616
145.4,15,1.533333333,0.683406683
145.5,15,1.5,0.683081762
145.6,15,1.466666667,0.682749539
145.7,15,1.433333333,0.682409679
145.8,15,1.4,0.68206182
145.9,15,1.366666667,0.681705579
146,15,1.333333333,0.68134054
146.1,15,1.3,0.68096626
146.2,15,1.266666667,0.680582256
146.3,15,1.233333333,0.680188012
146.4,15,1.2,0.679782964
146.5,15,1.166666667,0.679366506
146.6,15,1.133333333,0.678937974
146.7,15,1.1,0.678496649
146.8,15,1.066666667,0.678041742
146.9,15,1.033333333,0.677572392
147,15,1,0.67708765
147.1,15,0.966666667,0.676586473
147.2,15,0.933333333,0.676067708
147.3,15,0.9,0.675530074
147.4,15,0.866666667,0.674972147
147.5,15,0.833333333,0.674392336
147.6,15,0.8,0.673788852
147.7,15,0.766666667,0.67315968
147.8,15,0.733333333,0.672502537
147.9,15,0.7,0.671814817
148,15,0.666666667,0.671093538
148.1,15,0.633333333,0.670335254
148.2,15,0.6,0.669535962
148.3,15,0.566666667,0.668690972
148.4,15,0.533333333,0.66779474
148.5,15,0.5,0.666840647
148.6,15,0.466666667,0.665820705
148.7,15,0.433333333,0.664725145
148.8,15,0.4,0.663541849
148.9,15,0.366666667,0.662255534
149,15,0.333333333,0.660846535
149.1,15,0.3,0.659288959
149.2,15,0.266666667,0.657547737
149.3,15,0.233333333,0.655573702
149.4,15,0.2,0.653294847
149.5,15,0.166666667,0.650599532
149.6,15,0.133333333,0.647300734
149.7,15,0.1,0.643047844
149.8,15,0.066666667,0.637053732
149.9,15,0.033333333,0.626806729
150,10,5,0.738537028
150.1,10,4.966666667,0.738438143
150.2,10,4.933333333,0.738338592
150.3,10,4.9,0.738238366
150.4,10,4.866666667,0.738137455
150.5,10,4.833333333,0.738035851
150.6,10,4.8,0.737933544
150.7,10,4.766666667,0.737830525
150.8,10,4.733333333,0.737726782
150.9,10,4.7,0.737622306
151,10,4.666666667,0.737517086
151.1,10,4.633333333,0.737411112
151.2,10,4.6,0.737304373
151.3,10,4.566666667,0.737196858
151.4,10,4.533333333,0.737088554
151.5,10,4.5,0.736979452
151.6,10,4.466666667,0.736869539
151.7,10,4.433333333,0.736758802
151.8,10,4.4,0.736647229
151.9,10,4.366666667,0.736534808
152,10,4.333333333,0.736421526
152.1,10,4.3,0.736307368
152.2,10,4.266666667,0.736192323
152.3,10,4.233333333,0.736076374
152.4,10,4.2,0.73595951
152.5,10,4.166666667,0.735841714
152.6,10,4.133333333,0.735722972
152.7,10,4.1,0.735603268
152.8,10,4.066666667,0.735482588
152.9,10,4.033333333,0.735360914
153,10,4,0.73523823
153.1,10,3.966666667,0.73511452
153.2,10,3.933333333,0.734989766
153.3,10,3.9,0.734863949
153.4,10,3.866666667,0.734737053
153.5,10,3.833333333,0.734609059
153.6,10,3.8,0.734479946
153.7,10,3.766666667,0.734349696
153.8,10,3.733333333,0.734218288
153.9,10,3.7,0.734085701
154,10,3.666666667,0.733951915
154.1,10,3.633333333,0.733816907
154.2,10,3.6,0.733680654
154.3,10,3.566666667,0.733543134
154.4,10,3.533333333,0.733404323
154.5,10,3.5,0.733264196
154.6,10,3.466666667,0.733122727
154.7,10,3.433333333,0.732979893
154.8,10,3.4,0.732835664
154.9,10,3.366666667,0.732690015
155,10,3.333333333,0.732542916
155.1,10,3.3,0.732394339
155.2,10,3.266666667,0.732244253
155.3,10,3.233333333,0.732092628
155.4,10,3.2,0.731939432
155.5,10,3.166666667,0.731784632
155.6,10,3.133333333,0.731628193
155.7,10,3.1,0.731470082
155.8,10,3.066666667,0.731310261
155.9,10,3.033333333,0.731148693
156,10,3,0.73098534
156.1,10,2.966666667,0.730820162
156.2,10,2.933333333,0.730653117
156.3,10,2.9,0.730484163
156.4,10,2.866666667,0.730313256
156.5,10,2.833333333,0.73014035
156.6,10,2.8,0.729965397
156.7,10,2.766666667,0.72978835
156.8,10,2.733333333,0.729609156
156.9,10,2.7,0.729427764
157,10,2.666666667,0.729244118
157.1,10,2.633333333,0.729058162
157.2,10,2.6,0.728869837
157.3,10,2.566666667,0.728679082
157.4,10,2.533333333,0.728485834
157.5,10,2.5,0.728290026
157.6,10,2.466666667,0.728091589
157.7,10,2.433333333,0.727890453
157.8,10,2.4,0.727686542
157.9,10,2.366666667,0.727479779
158,10,2.333333333,0.727270083
158.1,10,2.3,0.72705737
158.2,10,2.266666667,0.726841552
158.3,10,2.233333333,0.726622536
158.4,10,2.2,0.726400226
158.5,10,2.166666667,0.726174523
158.6,10,2.133333333,0.72594532
158.7,10,2.1,0.725712507
158.8,10,2.066666667,0.725475969
158.9,10,2.033333333,0.725235585
159,10,2,0.724991227
159.1,10,1.966666667,0.724742763
159.2,10,1.933333333,0.724490051
159.3,10,1.9,0.724232943
159.4,10,1.866666667,0.723971285
159.5,10,1.833333333,0.723704912
159.6,10,1.8,0.723433651
159.7,10,1.766666667,0.72315732
159.8,10,1.733333333,0.722875725
159.9,10,1.7,0.722588661
160,10,1.666666667,0.722295913
160.1,10,1.633333333,0.721997251
160.2,10,1.6,0.721692429
160.3,10,1.566666667,0.721381191
160.4,10,1.533333333,0.721063258
160.5,10,1.5,0.720738337
160.6,10,1.466666667,0.720406114
160.7,10,1.433333333,0.720066253
160.8,10,1.4,0.719718395
160.9,10,1.366666667,0.719362153
161,10,1.333333333,0.718997115
161.1,10,1.3,0.718622834
161.2,10,1.266666667,0.718238831
161.3,10,1.233333333,0.717844586
161.4,10,1.2,0.717439539
161.5,10,1.166666667,0.717023081
161.6,10,1.133333333,0.716594549
161.7,10,1.1,0.716153224
161.8,10,1.066666667,0.715698317
161.9,10,1.033333333,0.715228967
162,10,1,0.714744225
162.1,10,0.966666667,0.714243048
162.2,10,0.933333333,0.713724282
162.3,10,0.9,0.713186649
162.4,10,0.866666667,0.712628722
162.5,10,0.833333333,0.71204891
162.6,10,0.8,0.711445427
162.7,10,0.766666667,0.710816255
162.8,10,0.733333333,0.710159111
162.9,10,0.7,0.709471392
163,10,0.666666667,0.708750112
163.1,10,0.633333333,0.707991828
163.2,10,0.6,0.707192536
163.3,10,0.566666667,0.706347546
163.4,10,0.533333333,0.705451314
163.5,10,0.5,0.704497222
163.6,10,0.466666667,0.70347728
163.7,10,0.433333333,0.702381719
163.8,10,0.4,0.701198424
163.9,10,0.366666667,0.699912109
164,10,0.333333333,0.69850311
164.1,10,0.3,0.696945534
164.2,10,0.266666667,0.695204312
164.3,10,0.233333333,0.693230277
164.4,10,0.2,0.690951421
164.5,10,0.166666667,0.688256107
164.6,10,0.133333333,0.684957309
164.7,10,0.1,0.680704419
164.8,10,0.066666667,0.674710306
164.9,10,0.033333333,0.664463304
165,5,5,0.794895053
165.1,5,4.966666667,0.794796167
165.2,5,4.933333333,0.794696616
165.3,5,4.9,0.79459639
165.4,5,4.866666667,0.79449548
165.5,5,4.833333333,0.794393876
165.6,5,4.8,0.794291569
165.7,5,4.766666667,0.794188549
165.8,5,4.733333333,0.794084806
165.9,5,4.7,0.79398033
166,5,4.666666667,0.79387511
166.1,5,4.633333333,0.793769136
166.2,5,4.6,0.793662397
166.3,5,4.566666667,0.793554882
166.4,5,4.533333333,0.793446579
166.5,5,4.5,0.793337476
166.6,5,4.466666667,0.793227563
166.7,5,4.433333333,0.793116826
166.8,5,4.4,0.793005253
166.9,5,4.366666667,0.792892832
167,5,4.333333333,0.79277955
167.1,5,4.3,0.792665393
167.2,5,4.266666667,0.792550347
167.3,5,4.233333333,0.792434399
167.4,5,4.2,0.792317534
167.5,5,4.166666667,0.792199738
167.6,5,4.133333333,0.792080996
167.7,5,4.1,0.791961293
167.8,5,4.066666667,0.791840612
167.9,5,4.033333333,0.791718938
168,5,4,0.791596254
168.1,5,3.966666667,0.791472544
168.2,5,3.933333333,0.79134779
168.3,5,3.9,0.791221974
168.4,5,3.866666667,0.791095078
168.5,5,3.833333333,0.790967083
168.6,5,3.8,0.79083797
168.7,5,3.766666667,0.79070772
168.8,5,3.733333333,0.790576312
168.9,5,3.7,0.790443726
169,5,3.666666667,0.790309939
169.1,5,3.633333333,0.790174931
169.2,5,3.6,0.790038678
169.3,5,3.566666667,0.789901158
169.4,5,3.533333333,0.789762347
169.5,5,3.5,0.78962222
169.6,5,3.466666667,0.789480752
169.7,5,3.433333333,0.789337917
169.8,5,3.4,0.789193688
169.9,5,3.366666667,0.789048039
170,5,3.333333333,0.78890094
170.1,5,3.3,0.788752363
170.2,5,3.266666667,0.788602278
170.3,5,3.233333333,0.788450653
170.4,5,3.2,0.788297456
170.5,5,3.166666667,0.788142656
170.6,5,3.133333333,0.787986218
170.7,5,3.1,0.787828106
170.8,5,3.066666667,0.787668285
170.9,5,3.033333333,0.787506717
171,5,3,0.787343364
171.1,5,2.966666667,0.787178186
171.2,5,2.933333333,0.787011141
171.3,5,2.9,0.786842187
171.4,5,2.866666667,0.78667128
171.5,5,2.833333333,0.786498374
171.6,5,2.8,0.786323422
171.7,5,2.766666667,0.786146374
171.8,5,2.733333333,0.78596718
171.9,5,2.7,0.785785788
172,5,2.666666667,0.785602142
172.1,5,2.633333333,0.785416186
172.2,5,2.6,0.785227861
172.3,5,2.566666667,0.785037107
172.4,5,2.533333333,0.784843858
172.5,5,2.5,0.78464805
172.6,5,2.466666667,0.784449613
172.7,5,2.433333333,0.784248477
172.8,5,2.4,0.784044566
172.9,5,2.366666667,0.783837803
173,5,2.333333333,0.783628108
173.1,5,2.3,0.783415394
173.2,5,2.266666667,0.783199576
173.3,5,2.233333333,0.78298056
173.4,5,2.2,0.782758251
173.5,5,2.166666667,0.782532547
173.6,5,2.133333333,0.782303344
173.7,5,2.1,0.782070531
173.8,5,2.066666667,0.781833994
173.9,5,2.033333333,0.781593609
174,5,2,0.781349252
174.1,5,1.966666667,0.781100787
174.2,5,1.933333333,0.780848075
174.3,5,1.9,0.780590968
174.4,5,1.866666667,0.780329309
174.5,5,1.833333333,0.780062936
174.6,5,1.8,0.779791676
174.7,5,1.766666667,0.779515344
174.8,5,1.733333333,0.779233749
174.9,5,1.7,0.778946686
175,5,1.666666667,0.778653938
175.1,5,1.633333333,0.778355275
175.2,5,1.6,0.778050454
175.3,5,1.566666667,0.777739215
175.4,5,1.533333333,0.777421282
175.5,5,1.5,0.777096361
175.6,5,1.466666667,0.776764138
175.7,5,1.433333333,0.776424277
175.8,5,1.4,0.776076419
175.9,5,1.366666667,0.775720178
176,5,1.333333333,0.775355139
176.1,5,1.3,0.774980859
176.2,5,1.266666667,0.774596855
176.3,5,1.233333333,0.774202611
176.4,5,1.2,0.773797563
176.5,5,1.166666667,0.773381105
176.6,5,1.133333333,0.772952573
176.7,5,1.1,0.772511248
176.8,5,1.066666667,0.772056341
176.9,5,1.033333333,0.771586991
177,5,1,0.771102249
177.1,5,0.966666667,0.770601072
177.2,5,0.933333333,0.770082307
177.3,5,0.9,0.769544673
177.4,5,0.866666667,0.768986746
177.5,5,0.833333333,0.768406935
177.6,5,0.8,0.767803451
177.7,5,0.766666667,0.767174279
177.8,5,0.733333333,0.766517136
177.9,5,0.7,0.765829416
178,5,0.666666667,0.765108137
178.1,5,0.633333333,0.764349853
178.2,5,0.6,0.763550561
178.3,5,0.566666667,0.762705571
178.4,5,0.533333333,0.761809339
178.5,5,0.5,0.760855246
178.6,5,0.466666667,0.759835304
178.7,5,0.433333333,0.758739744
178.8,5,0.4,0.757556448
178.9,5,0.366666667,0.756270133
179,5,0.333333333,0.754861134
179.1,5,0.3,0.753303558
179.2,5,0.266666667,0.751562336
179.3,5,0.233333333,0.749588301
179.4,5,0.2,0.747309446
179.5,5,0.166666667,0.744614131
179.6,5,0.133333333,0.741315333
179.7,5,0.1,0.737062443
179.8,5,0.066666667,0.731068331
179.9,5,0.033333333,0.720821328
180,0,5,Inf
